'TIME'	'UPPER EXTEN'	'LOWER EXTEN'	'adjusted time'
1	0.0975	0.0512	2761.05		1	12/30/1899
2	0.091	0.0576	2761.1		2	12/30/1899
3	0.091	0.0512	2761.15		3	12/30/1899
4	0.0846	0.0512	2761.2		4	12/30/1899
5	0.091	0.0512	2761.25		5	12/30/1899
6	0.091	0.0641	2761.3		6	12/30/1899
7	0.091	0.0576	2761.35		7	12/30/1899
8	0.0975	0.0576	2761.4		8	12/30/1899
9	0.091	0.0705	2761.45		9	12/30/1899
10	0.091	0.0512	2761.5		10	12/30/1899
11	0.091	0.0576	2761.55		11	12/30/1899
12	0.0975	0.0512	2761.6		12	12/30/1899
13	0.091	0.0512	2761.65		13	12/30/1899
14	0.091	0.0512	2761.7		14	12/30/1899
15	0.091	0.0576	2761.75		15	12/30/1899
16	0.091	0.0576	2761.8		16	12/30/1899
17	0.091	0.0447	2761.85		17	12/30/1899
18	0.091	0.0576	2761.9		18	12/30/1899
19	0.091	0.0512	2761.95		19	12/30/1899
20	0.091	0.0576	2762		20	12/30/1899
21	0.091	0.0512	2762.05		21	12/30/1899
22	0.091	0.0512	2762.1		22	12/30/1899
23	0.091	0.0576	2762.15		23	12/30/1899
24	0.091	0.0576	2762.2		24	12/30/1899
25	0.091	0.0576	2762.25		25	12/30/1899
26	0.0975	0.0512	2762.3		26	12/30/1899
27	0.091	0.0512	2762.35		27	12/30/1899
28	0.091	0.0576	2762.4		28	12/30/1899
29	0.0975	0.0705	2762.45		29	12/30/1899
30	0.091	0.0576	2762.5		30	12/30/1899
31	0.0975	0.0512	2762.55		31	12/30/1899
32	0.0975	0.0512	2762.6		32	12/30/1899
33	0.091	0.0576	2762.65		33	12/30/1899
34	0.0975	0.0576	2762.7		34	12/30/1899
35	0.091	0.0576	2762.75		35	12/30/1899
36	0.091	0.0576	2762.8		36	12/30/1899
37	0.0975	0.0576	2762.85		37	12/30/1899
38	0.091	0.0576	2762.9		38	12/30/1899
39	0.091	0.0576	2762.95		39	12/30/1899
40	0.0975	0.0576	2763		40	12/30/1899
41	0.091	0.0576	2763.05		41	12/30/1899
42	0.091	0.0576	2763.1		42	12/30/1899
43	0.091	0.0576	2763.15		43	12/30/1899
44	0.0846	0.0512	2763.2		44	12/30/1899
45	0.0975	0.077	2763.25		45	12/30/1899
46	0.0975	0.0576	2763.3		46	12/30/1899
47	0.0846	0.0576	2763.35		47	12/30/1899
48	0.091	0.0576	2763.4		48	12/30/1899
49	0.0975	0.0447	2763.45		49	12/30/1899
50	0.0975	0.0576	2763.5		50	12/30/1899
51	0.091	0.0576	2763.55		51	12/30/1899
52	0.1104	0.0576	2763.6		52	12/30/1899
53	0.091	0.0512	2763.65		53	12/30/1899
54	0.0975	0.0576	2763.7		54	12/30/1899
55	0.1039	0.0576	2763.75		55	12/30/1899
56	0.091	0.0576	2763.8		56	12/30/1899
57	0.091	0.0576	2763.85		57	12/30/1899
58	0.0781	0.0576	2763.9		58	12/30/1899
59	0.091	0.0576	2763.95		59	12/30/1899
60	0.0975	0.0576	2764		60	12/30/1899
61	0.1039	0.0576	2764.05		61	12/30/1899
62	0.0975	0.0512	2764.1		62	12/30/1899
63	0.091	0.0512	2764.15		63	12/30/1899
64	0.1039	0.0576	2764.2		64	12/30/1899
65	0.091	0.0576	2764.25		65	12/30/1899
66	0.091	0.0641	2764.3		66	12/30/1899
67	0.091	0.0512	2764.35		67	12/30/1899
68	0.091	0.0512	2764.4		68	12/30/1899
69	0.091	0.0512	2764.45		69	12/30/1899
70	0.091	0.0512	2764.5		70	12/30/1899
71	0.0975	0.0576	2764.55		71	12/30/1899
72	0.0975	0.0576	2764.6		72	12/30/1899
73	0.0975	0.0512	2764.65		73	12/30/1899
74	0.0975	0.0576	2764.7		74	12/30/1899
75	0.0975	0.0576	2764.75		75	12/30/1899
76	0.0975	0.0512	2764.8		76	12/30/1899
77	0.091	0.0576	2764.85		77	12/30/1899
78	0.091	0.0576	2764.9		78	12/30/1899
79	0.0975	0.0576	2764.95		79	12/30/1899
80	0.091	0.0576	2765		80	12/30/1899
81	0.091	0.0576	2765.05		81	12/30/1899
82	0.091	0.0512	2765.1		82	12/30/1899
83	0.0975	0.0576	2765.15		83	12/30/1899
84	0.091	0.0512	2765.2		84	12/30/1899
85	0.0846	0.0512	2765.25		85	12/30/1899
86	0.0846	0.0576	2765.3		86	12/30/1899
87	0.0846	0.0576	2765.35		87	12/30/1899
88	0.091	0.0576	2765.4		88	12/30/1899
89	0.0975	0.0512	2765.45		89	12/30/1899
90	0.0975	0.0512	2765.5		90	12/30/1899
91	0.0975	0.0512	2765.55		91	12/30/1899
92	0.1039	0.0512	2765.6		92	12/30/1899
93	0.091	0.0512	2765.65		93	12/30/1899
94	0.091	0.0576	2765.7		94	12/30/1899
95	0.091	0.0576	2765.75		95	12/30/1899
96	0.0975	0.0576	2765.8		96	12/30/1899
97	0.0975	0.0512	2765.85		97	12/30/1899
98	0.0975	0.0576	2765.9		98	12/30/1899
99	0.1039	0.0576	2765.95		99	12/30/1899
100	0.0975	0.0576	2766		100	12/30/1899
101	0.0975	0.0576	2766.05		101	12/30/1899
102	0.091	0.0576	2766.1		102	12/30/1899
103	0.0975	0.0576	2766.15		103	12/30/1899
104	0.0975	0.0576	2766.2		104	12/30/1899
105	0.0975	0.0576	2766.25		105	12/30/1899
106	0.091	0.0576	2766.3		106	12/30/1899
107	0.1168	0.0576	2766.35		107	12/30/1899
108	0.091	0.0576	2766.4		108	12/30/1899
109	0.091	0.0576	2766.45		109	12/30/1899
110	0.1039	0.0576	2766.5		110	12/30/1899
111	0.0975	0.0576	2766.55		111	12/30/1899
112	0.091	0.0576	2766.6		112	12/30/1899
113	0.091	0.0641	2766.65		113	12/30/1899
114	0.091	0.0576	2766.7		114	12/30/1899
115	0.0975	0.0641	2766.75		115	12/30/1899
116	0.0975	0.0576	2766.8		116	12/30/1899
117	0.0975	0.0576	2766.85		117	12/30/1899
118	0.091	0.0576	2766.9		118	12/30/1899
119	0.0975	0.0576	2766.95		119	12/30/1899
120	0.091	0.0576	2767		120	12/30/1899
121	0.091	0.0576	2767.05		121	12/30/1899
122	0.091	0.0576	2767.1		122	12/30/1899
123	0.0975	0.0512	2767.15		123	12/30/1899
124	0.091	0.0576	2767.2		124	12/30/1899
125	0.0975	0.0383	2767.25		125	12/30/1899
126	0.0975	0.0576	2767.3		126	12/30/1899
127	0.091	0.0512	2767.35		127	12/30/1899
128	0.1039	0.0512	2767.4		128	12/30/1899
129	0.091	0.0576	2767.45		129	12/30/1899
130	0.091	0.0512	2767.5		130	12/30/1899
131	0.0975	0.0576	2767.55		131	12/30/1899
132	0.0975	0.0576	2767.6		132	12/30/1899
133	0.0975	0.0447	2767.65		133	12/30/1899
134	0.0975	0.0576	2767.7		134	12/30/1899
135	0.091	0.0576	2767.75		135	12/30/1899
136	0.0975	0.0705	2767.8		136	12/30/1899
137	0.0975	0.0576	2767.85		137	12/30/1899
138	0.0975	0.0576	2767.9		138	12/30/1899
139	0.0975	0.0512	2767.95		139	12/30/1899
140	0.0975	0.0576	2768		140	12/30/1899
141	0.0975	0.0576	2768.05		141	12/30/1899
142	0.0975	0.0512	2768.1		142	12/30/1899
143	0.091	0.0576	2768.15		143	12/30/1899
144	0.0975	0.0512	2768.2		144	12/30/1899
145	0.091	0.0576	2768.25		145	12/30/1899
146	0.1039	0.0576	2768.3		146	12/30/1899
147	0.0975	0.0576	2768.35		147	12/30/1899
148	0.091	0.0576	2768.4		148	12/30/1899
149	0.0781	0.0512	2768.45		149	12/30/1899
150	0.091	0.0576	2768.5		150	12/30/1899
151	0.091	0.0512	2768.55		151	12/30/1899
152	0.0717	0.0576	2768.6		152	12/30/1899
153	0.0975	0.0512	2768.65		153	12/30/1899
154	0.0975	0.0447	2768.7		154	12/30/1899
155	0.091	0.0512	2768.75		155	12/30/1899
156	0.0975	0.0576	2768.8		156	12/30/1899
157	0.0975	0.0383	2768.85		157	12/30/1899
158	0.0975	0.0576	2768.9		158	12/30/1899
159	0.0975	0.0576	2768.95		159	12/30/1899
160	0.0975	0.0576	2769		160	12/30/1899
161	0.0975	0.0576	2769.05		161	12/30/1899
162	0.0975	0.0512	2769.1		162	12/30/1899
163	0.0975	0.0576	2769.15		163	12/30/1899
164	0.091	0.0576	2769.2		164	12/30/1899
165	0.0975	0.0512	2769.25		165	12/30/1899
166	0.0975	0.0512	2769.3		166	12/30/1899
167	0.091	0.0576	2769.35		167	12/30/1899
168	0.0975	0.0576	2769.4		168	12/30/1899
169	0.0975	0.0512	2769.45		169	12/30/1899
170	0.1039	0.0576	2769.5		170	12/30/1899
171	0.0975	0.0576	2769.55		171	12/30/1899
172	0.091	0.0576	2769.6		172	12/30/1899
173	0.0846	0.0576	2769.65		173	12/30/1899
174	0.0975	0.0576	2769.7		174	12/30/1899
175	0.091	0.0512	2769.75		175	12/30/1899
176	0.1039	0.0576	2769.8		176	12/30/1899
177	0.0975	0.0512	2769.85		177	12/30/1899
178	0.0975	0.0512	2769.9		178	12/30/1899
179	0.0846	0.0576	2769.95		179	12/30/1899
180	0.0975	0.0576	2770		180	12/30/1899
181	0.0846	0.0576	2770.05		181	12/30/1899
182	0.0975	0.0512	2770.1		182	12/30/1899
183	0.091	0.0512	2770.15		183	12/30/1899
184	0.091	0.0576	2770.2		184	12/30/1899
185	0.091	0.0512	2770.25		185	12/30/1899
186	0.0975	0.0576	2770.3		186	12/30/1899
187	0.0975	0.0576	2770.35		187	12/30/1899
188	0.0975	0.0512	2770.4		188	12/30/1899
189	0.0975	0.0576	2770.45		189	12/30/1899
190	0.1039	0.0512	2770.5		190	12/30/1899
191	0.0975	0.0576	2770.55		191	12/30/1899
192	0.091	0.0576	2770.6		192	12/30/1899
193	0.091	0.0576	2770.65		193	12/30/1899
194	0.091	0.0576	2770.7		194	12/30/1899
195	0.0975	0.0576	2770.75		195	12/30/1899
196	0.091	0.0576	2770.8		196	12/30/1899
197	0.091	0.0576	2770.85		197	12/30/1899
198	0.0975	0.0576	2770.9		198	12/30/1899
199	0.091	0.0512	2770.95		199	12/30/1899
200	0.091	0.0576	2771		200	12/30/1899
201	0.0975	0.0576	2771.05		201	12/30/1899
202	0.0975	0.0576	2771.1		202	12/30/1899
203	0.0975	0.0576	2771.15		203	12/30/1899
204	0.0846	0.0576	2771.2		204	12/30/1899
205	0.091	0.0576	2771.25		205	12/30/1899
206	0.091	0.0576	2771.3		206	12/30/1899
207	0.0975	0.0576	2771.35		207	12/30/1899
208	0.0975	0.0576	2771.4		208	12/30/1899
209	0.091	0.0576	2771.45		209	12/30/1899
210	0.0975	0.0576	2771.5		210	12/30/1899
211	0.0975	0.0576	2771.55		211	12/30/1899
212	0.091	0.0705	2771.6		212	12/30/1899
213	0.0975	0.0512	2771.65		213	12/30/1899
214	0.0975	0.0576	2771.7		214	12/30/1899
215	0.0975	0.0512	2771.75		215	12/30/1899
216	0.0975	0.0576	2771.8		216	12/30/1899
217	0.0975	0.0576	2771.85		217	12/30/1899
218	0.091	0.0576	2771.9		218	12/30/1899
219	0.0975	0.0576	2771.95		219	12/30/1899
220	0.0975	0.0512	2772		220	12/30/1899
221	0.0975	0.0576	2772.05		221	12/30/1899
222	0.0975	0.0576	2772.1		222	12/30/1899
223	0.0975	0.0576	2772.15		223	12/30/1899
224	0.0975	0.0576	2772.2		224	12/30/1899
225	0.0975	0.0576	2772.25		225	12/30/1899
226	0.091	0.0576	2772.3		226	12/30/1899
227	0.091	0.0576	2772.35		227	12/30/1899
228	0.0975	0.0576	2772.4		228	12/30/1899
229	0.0975	0.0576	2772.45		229	12/30/1899
230	0.0975	0.0576	2772.5		230	12/30/1899
231	0.091	0.0576	2772.55		231	12/30/1899
232	0.0975	0.0576	2772.6		232	12/30/1899
233	0.091	0.0576	2772.65		233	12/30/1899
234	0.0975	0.0576	2772.7		234	12/30/1899
235	0.0975	0.0576	2772.75		235	12/30/1899
236	0.0975	0.0576	2772.8		236	12/30/1899
237	0.0975	0.0576	2772.85		237	12/30/1899
238	0.091	0.0576	2772.9		238	12/30/1899
239	0.0975	0.0576	2772.95		239	12/30/1899
240	0.0975	0.0576	2773		240	12/30/1899
241	0.0975	0.0576	2773.05		241	12/30/1899
242	0.091	0.0576	2773.1		242	12/30/1899
243	0.091	0.0576	2773.15		243	12/30/1899
244	0.091	0.0576	2773.2		244	12/30/1899
245	0.0975	0.0576	2773.25		245	12/30/1899
246	0.0975	0.0512	2773.3		246	12/30/1899
247	0.1039	0.0576	2773.35		247	12/30/1899
248	0.0975	0.0576	2773.4		248	12/30/1899
249	0.0975	0.0576	2773.45		249	12/30/1899
250	0.0975	0.0512	2773.5		250	12/30/1899
251	0.0975	0.0576	2773.55		251	12/30/1899
252	0.0975	0.0512	2773.6		252	12/30/1899
253	0.0975	0.0576	2773.65		253	12/30/1899
254	0.091	0.0576	2773.7		254	12/30/1899
255	0.0975	0.0576	2773.75		255	12/30/1899
256	0.0975	0.0576	2773.8		256	12/30/1899
257	0.0975	0.0641	2773.85		257	12/30/1899
258	0.0975	0.0512	2773.9		258	12/30/1899
259	0.0975	0.0576	2773.95		259	12/30/1899
260	0.0975	0.0512	2774		260	12/30/1899
261	0.0975	0.0512	2774.05		261	12/30/1899
262	0.1039	0.0576	2774.1		262	12/30/1899
263	0.0975	0.0576	2774.15		263	12/30/1899
264	0.0975	0.0576	2774.2		264	12/30/1899
265	0.0846	0.0576	2774.25		265	12/30/1899
266	0.0975	0.0576	2774.3		266	12/30/1899
267	0.091	0.0512	2774.35		267	12/30/1899
268	0.0975	0.0576	2774.4		268	12/30/1899
269	0.0975	0.0576	2774.45		269	12/30/1899
270	0.0975	0.0576	2774.5		270	12/30/1899
271	0.0975	0.0512	2774.55		271	12/30/1899
272	0.0975	0.0576	2774.6		272	12/30/1899
273	0.0975	0.0576	2774.65		273	12/30/1899
274	0.0975	0.0447	2774.7		274	12/30/1899
275	0.0975	0.0576	2774.75		275	12/30/1899
276	0.091	0.0576	2774.8		276	12/30/1899
277	0.0975	0.0447	2774.85		277	12/30/1899
278	0.0975	0.0576	2774.9		278	12/30/1899
279	0.091	0.0641	2774.95		279	12/30/1899
280	0.091	0.0512	2775		280	12/30/1899
281	0.091	0.0576	2775.05		281	12/30/1899
282	0.091	0.0576	2775.1		282	12/30/1899
283	0.0975	0.0576	2775.15		283	12/30/1899
284	0.0846	0.0576	2775.2		284	12/30/1899
285	0.0975	0.0576	2775.25		285	12/30/1899
286	0.0975	0.0576	2775.3		286	12/30/1899
287	0.0975	0.0576	2775.35		287	12/30/1899
288	0.091	0.0383	2775.4		288	12/30/1899
289	0.0975	0.0576	2775.45		289	12/30/1899
290	0.0975	0.0512	2775.5		290	12/30/1899
291	0.0975	0.0383	2775.55		291	12/30/1899
292	0.0975	0.0576	2775.6		292	12/30/1899
293	0.091	0.0576	2775.65		293	12/30/1899
294	0.0975	0.077	2775.7		294	12/30/1899
295	0.0975	0.0576	2775.75		295	12/30/1899
296	0.0975	0.0576	2775.8		296	12/30/1899
297	0.0975	0.0641	2775.85		297	12/30/1899
298	0.0975	0.0641	2775.9		298	12/30/1899
299	0.0975	0.0576	2775.95		299	12/30/1899
300	0.0975	0.0576	2776		300	12/30/1899
301	0.0975	0.0576	2776.05		301	12/30/1899
302	0.0975	0.0576	2776.1		302	12/30/1899
303	0.0975	0.0576	2776.15		303	12/30/1899
304	0.0975	0.0576	2776.2		304	12/30/1899
305	0.0975	0.077	2776.25		305	12/30/1899
306	0.0975	0.0576	2776.3		306	12/30/1899
307	0.091	0.0576	2776.35		307	12/30/1899
308	0.091	0.0512	2776.4		308	12/30/1899
309	0.0975	0.0576	2776.45		309	12/30/1899
310	0.0975	0.0576	2776.5		310	12/30/1899
311	0.0975	0.0512	2776.55		311	12/30/1899
312	0.091	0.0576	2776.6		312	12/30/1899
313	0.0975	0.0576	2776.65		313	12/30/1899
314	0.0975	0.0383	2776.7		314	12/30/1899
315	0.0975	0.0576	2776.75		315	12/30/1899
316	0.0975	0.0576	2776.8		316	12/30/1899
317	0.0975	0.0447	2776.85		317	12/30/1899
318	0.1039	0.0576	2776.9		318	12/30/1899
319	0.0975	0.0576	2776.95		319	12/30/1899
320	0.1233	0.0576	2777		320	12/30/1899
321	0.0975	0.0576	2777.05		321	12/30/1899
322	0.091	0.0576	2777.1		322	12/30/1899
323	0.0846	0.0576	2777.15		323	12/30/1899
324	0.091	0.0576	2777.2		324	12/30/1899
325	0.0975	0.0576	2777.25		325	12/30/1899
326	0.0975	0.0576	2777.3		326	12/30/1899
327	0.0975	0.0641	2777.35		327	12/30/1899
328	0.0975	0.0512	2777.4		328	12/30/1899
329	0.0975	0.0576	2777.45		329	12/30/1899
330	0.0975	0.0576	2777.5		330	12/30/1899
331	0.0975	0.0576	2777.55		331	12/30/1899
332	0.0781	0.0576	2777.6		332	12/30/1899
333	0.0975	0.0576	2777.65		333	12/30/1899
334	0.091	0.0576	2777.7		334	12/30/1899
335	0.091	0.0576	2777.75		335	12/30/1899
336	0.0975	0.0576	2777.8		336	12/30/1899
337	0.0975	0.0576	2777.85		337	12/30/1899
338	0.0975	0.0576	2777.9		338	12/30/1899
339	0.0975	0.0576	2777.95		339	12/30/1899
340	0.0975	0.0576	2778		340	12/30/1899
341	0.0975	0.0576	2778.05		341	12/30/1899
342	0.091	0.0576	2778.1		342	12/30/1899
343	0.0975	0.0576	2778.15		343	12/30/1899
344	0.0975	0.0576	2778.2		344	12/30/1899
345	0.0975	0.0576	2778.25		345	12/30/1899
346	0.0975	0.077	2778.3		346	12/30/1899
347	0.0975	0.0576	2778.35		347	12/30/1899
348	0.0975	0.0576	2778.4		348	12/30/1899
349	0.0975	0.077	2778.45		349	12/30/1899
350	0.0975	0.0576	2778.5		350	12/30/1899
351	0.0975	0.0576	2778.55		351	12/30/1899
352	0.0975	0.0383	2778.6		352	12/30/1899
353	0.0975	0.0576	2778.65		353	12/30/1899
354	0.0975	0.0576	2778.7		354	12/30/1899
355	0.0975	0.077	2778.75		355	12/30/1899
356	0.0975	0.0576	2778.8		356	12/30/1899
357	0.0975	0.0576	2778.85		357	12/30/1899
358	0.0975	0.0641	2778.9		358	12/30/1899
359	0.1039	0.0576	2778.95		359	12/30/1899
360	0.1039	0.0576	2779		360	12/30/1899
361	0.0975	0.0576	2779.05		361	12/30/1899
362	0.0975	0.0576	2779.1		362	12/30/1899
363	0.091	0.0576	2779.15		363	12/30/1899
364	0.0975	0.0576	2779.2		364	12/30/1899
365	0.0975	0.0576	2779.25		365	12/30/1899
366	0.1039	0.0576	2779.3		366	12/30/1899
367	0.0975	0.0576	2779.35		367	12/30/1899
368	0.0975	0.0576	2779.4		368	12/30/1899
369	0.0975	0.0576	2779.45		369	12/30/1899
370	0.0975	0.0576	2779.5		370	12/30/1899
371	0.0975	0.0576	2779.55		371	12/30/1899
372	0.0975	0.0576	2779.6		372	12/30/1899
373	0.0975	0.0641	2779.65		373	12/30/1899
374	0.0975	0.0576	2779.7		374	12/30/1899
375	0.0975	0.0576	2779.75		375	12/30/1899
376	0.0975	0.0576	2779.8		376	12/30/1899
377	0.0975	0.0576	2779.85		377	12/30/1899
378	0.0975	0.0447	2779.9		378	12/30/1899
379	0.0975	0.0576	2779.95		379	12/30/1899
380	0.0975	0.0576	2780		380	12/30/1899
381	0.0975	0.0447	2780.05		381	12/30/1899
382	0.0975	0.0576	2780.1		382	12/30/1899
383	0.1039	0.0576	2780.15		383	12/30/1899
384	0.0975	0.0576	2780.2		384	12/30/1899
385	0.091	0.0576	2780.25		385	12/30/1899
386	0.0975	0.0512	2780.3		386	12/30/1899
387	0.0975	0.0576	2780.35		387	12/30/1899
388	0.1104	0.0641	2780.4		388	12/30/1899
389	0.0975	0.0576	2780.45		389	12/30/1899
390	0.0975	0.0641	2780.5		390	12/30/1899
391	0.091	0.0576	2780.55		391	12/30/1899
392	0.0975	0.0576	2780.6		392	12/30/1899
393	0.0975	0.0576	2780.65		393	12/30/1899
394	0.1104	0.0576	2780.7		394	12/30/1899
395	0.1039	0.0641	2780.75		395	12/30/1899
396	0.0975	0.0641	2780.8		396	12/30/1899
397	0.1039	0.0576	2780.85		397	12/30/1899
398	0.1039	0.0576	2780.9		398	12/30/1899
399	0.1039	0.0576	2780.95		399	12/30/1899
400	0.1039	0.0576	2781		400	12/30/1899
401	0.1104	0.0641	2781.05		401	12/30/1899
402	0.1168	0.0705	2781.1		402	12/30/1899
403	0.1104	0.0705	2781.15		403	12/30/1899
404	0.1362	0.077	2781.2		404	12/30/1899
405	0.1233	0.077	2781.25		405	12/30/1899
406	0.1297	0.0835	2781.3		406	12/30/1899
407	0.1491	0.0964	2781.35		407	12/30/1899
408	0.162	0.1028	2781.4		408	12/30/1899
409	0.1749	0.1157	2781.45		409	12/30/1899
410	0.1878	0.1222	2781.5		410	12/30/1899
411	0.2136	0.1415	2781.55		411	12/30/1899
412	0.2394	0.1544	2781.6		412	12/30/1899
413	0.2588	0.1673	2781.65		413	12/30/1899
414	0.291	0.1931	2781.7		414	12/30/1899
415	0.3168	0.2125	2781.75		415	12/30/1899
416	0.3555	0.2383	2781.8		416	12/30/1899
417	0.3943	0.2576	2781.85		417	12/30/1899
418	0.4394	0.2964	2781.9		418	12/30/1899
419	0.4717	0.3286	2781.95		419	12/30/1899
420	0.5426	0.3738	2782		420	12/30/1899
421	0.6007	0.4189	2782.05		421	12/30/1899
422	0.6394	0.4576	2782.1		422	12/30/1899
423	0.6975	0.5028	2782.15		423	12/30/1899
424	0.762	0.5544	2782.2		424	12/30/1899
425	0.8072	0.606	2782.25		425	12/30/1899
426	0.8588	0.6705	2782.3		426	12/30/1899
427	0.9233	0.7286	2782.35		427	12/30/1899
428	0.9749	0.7931	2782.4		428	12/30/1899
429	1.0394	0.8641	2782.45		429	12/30/1899
430	1.1039	0.9544	2782.5		430	12/30/1899
431	1.1749	1.0189	2782.55		431	12/30/1899
432	1.2459	1.1093	2782.6		432	12/30/1899
433	1.3104	1.206	2782.65		433	12/30/1899
434	1.3814	1.3093	2782.7		434	12/30/1899
435	1.4523	1.4254	2782.75		435	12/30/1899
436	1.5168	1.5673	2782.8		436	12/30/1899
437	1.5878	1.6899	2782.85		437	12/30/1899
438	1.6652	1.8447	2782.9		438	12/30/1899
439	1.7362	1.9931	2782.95		439	12/30/1899
440	1.8459	2.2512	2783		440	12/30/1899
441	1.9233	2.4447	2783.05		441	12/30/1899
442	2.0007	2.6576	2783.1		442	12/30/1899
443	2.0781	2.877	2783.15		443	12/30/1899
444	2.1491	3.1028	2783.2		444	12/30/1899
445	2.1943	3.3415	2783.25		445	12/30/1899
446	2.2007	3.5867	2783.3		446	12/30/1899
447	2.1943	3.8318	2783.35		447	12/30/1899
448	2.1685	4.0512	2783.4		448	12/30/1899
449	2.1555	4.2318	2783.45		449	12/30/1899
450	2.162	4.3673	2783.5		450	12/30/1899
451	2.1878	4.4125	2783.55		451	12/30/1899
452	2.2265	4.3867	2783.6		452	12/30/1899
453	2.2717	4.3222	2783.65		453	12/30/1899
454	2.2846	4.2125	2783.7		454	12/30/1899
455	2.291	4.0835	2783.75		455	12/30/1899
456	2.291	3.9351	2783.8		456	12/30/1899
457	2.2781	3.9093	2783.85		457	12/30/1899
458	2.2781	3.9738	2783.9		458	12/30/1899
459	2.2717	4.0899	2783.95		459	12/30/1899
460	2.2588	4.1673	2784		460	12/30/1899
461	2.2394	4.148	2784.05		461	12/30/1899
462	2.2265	4.0835	2784.1		462	12/30/1899
463	2.2265	3.9931	2784.15		463	12/30/1899
464	2.2394	3.9028	2784.2		464	12/30/1899
465	2.2652	3.8254	2784.25		465	12/30/1899
466	2.2781	3.7996	2784.3		466	12/30/1899
467	2.3168	3.8125	2784.35		467	12/30/1899
468	2.3039	3.8125	2784.4		468	12/30/1899
469	2.3039	3.8318	2784.45		469	12/30/1899
470	2.2975	3.8705	2784.5		470	12/30/1899
471	2.2975	3.9157	2784.55		471	12/30/1899
472	2.2975	3.9609	2784.6		472	12/30/1899
473	2.291	4.0189	2784.65		473	12/30/1899
474	2.3039	4.0641	2784.7		474	12/30/1899
475	2.3168	4.0835	2784.75		475	12/30/1899
476	2.3233	4.0835	2784.8		476	12/30/1899
477	2.3168	4.0641	2784.85		477	12/30/1899
478	2.3168	4.0447	2784.9		478	12/30/1899
479	2.2975	4.0125	2784.95		479	12/30/1899
480	2.2781	3.9609	2785		480	12/30/1899
481	2.2781	3.9222	2785.05		481	12/30/1899
482	2.2781	3.9222	2785.1		482	12/30/1899
483	2.2846	3.948	2785.15		483	12/30/1899
484	2.291	3.9867	2785.2		484	12/30/1899
485	2.291	3.9996	2785.25		485	12/30/1899
486	2.3039	3.9931	2785.3		486	12/30/1899
487	2.2975	3.9609	2785.35		487	12/30/1899
488	2.291	3.9286	2785.4		488	12/30/1899
489	2.291	3.9222	2785.45		489	12/30/1899
490	2.2846	3.9028	2785.5		490	12/30/1899
491	2.2846	3.9093	2785.55		491	12/30/1899
492	2.291	3.9544	2785.6		492	12/30/1899
493	2.291	3.9544	2785.65		493	12/30/1899
494	2.2975	3.9544	2785.7		494	12/30/1899
495	2.2975	3.948	2785.75		495	12/30/1899
496	2.3168	3.9415	2785.8		496	12/30/1899
497	2.2975	3.9415	2785.85		497	12/30/1899
498	2.2975	3.9351	2785.9		498	12/30/1899
499	2.2975	3.9351	2785.95		499	12/30/1899
500	2.291	3.9351	2786		500	12/30/1899
501	2.2975	3.9415	2786.05		501	12/30/1899
502	2.2975	3.9415	2786.1		502	12/30/1899
503	2.2975	3.9351	2786.15		503	12/30/1899
504	2.2975	3.9415	2786.2		504	12/30/1899
505	2.2975	3.9415	2786.25		505	12/30/1899
506	2.2975	3.9351	2786.3		506	12/30/1899
507	2.3104	3.9351	2786.35		507	12/30/1899
508	2.2975	3.9351	2786.4		508	12/30/1899
509	2.2975	3.9286	2786.45		509	12/30/1899
510	2.2975	3.9286	2786.5		510	12/30/1899
511	2.2975	3.9286	2786.55		511	12/30/1899
512	2.2975	3.9286	2786.6		512	12/30/1899
513	2.2975	3.9415	2786.65		513	12/30/1899
514	2.2975	3.9286	2786.7		514	12/30/1899
515	2.2975	3.9286	2786.75		515	12/30/1899
516	2.2975	3.9351	2786.8		516	12/30/1899
517	2.291	3.9286	2786.85		517	12/30/1899
518	2.2975	3.9286	2786.9		518	12/30/1899
519	2.2975	3.9286	2786.95		519	12/30/1899
520	2.2975	3.9286	2787		520	12/30/1899
521	2.2975	3.9286	2787.05		521	12/30/1899
522	2.291	3.9286	2787.1		522	12/30/1899
523	2.2975	3.9286	2787.15		523	12/30/1899
524	2.2975	3.9286	2787.2		524	12/30/1899
525	2.2975	3.9222	2787.25		525	12/30/1899
526	2.2975	3.9286	2787.3		526	12/30/1899
527	2.291	3.9222	2787.35		527	12/30/1899
528	2.2975	3.9286	2787.4		528	12/30/1899
529	2.2975	3.9286	2787.45		529	12/30/1899
530	2.2975	3.9286	2787.5		530	12/30/1899
531	2.2975	3.9286	2787.55		531	12/30/1899
532	2.2975	3.9222	2787.6		532	12/30/1899
533	2.3039	3.9222	2787.65		533	12/30/1899
534	2.2975	3.9351	2787.7		534	12/30/1899
535	2.3039	3.9222	2787.75		535	12/30/1899
536	2.2975	3.9222	2787.8		536	12/30/1899
537	2.2975	3.9222	2787.85		537	12/30/1899
538	2.3039	3.9222	2787.9		538	12/30/1899
539	2.2975	3.9222	2787.95		539	12/30/1899
540	2.2975	3.9222	2788		540	12/30/1899
541	2.2975	3.9222	2788.05		541	12/30/1899
542	2.2975	3.9222	2788.1		542	12/30/1899
543	2.2975	3.9415	2788.15		543	12/30/1899
544	2.2975	3.9222	2788.2		544	12/30/1899
545	2.2781	3.9222	2788.25		545	12/30/1899
546	2.2975	3.9286	2788.3		546	12/30/1899
547	2.291	3.9222	2788.35		547	12/30/1899
548	2.2975	3.9222	2788.4		548	12/30/1899
549	2.2975	3.9286	2788.45		549	12/30/1899
550	2.2975	3.9222	2788.5		550	12/30/1899
551	2.2975	3.9222	2788.55		551	12/30/1899
552	2.2975	3.9286	2788.6		552	12/30/1899
553	2.2975	3.9222	2788.65		553	12/30/1899
554	2.2975	3.9222	2788.7		554	12/30/1899
555	2.2975	3.9222	2788.75		555	12/30/1899
556	2.2975	3.9286	2788.8		556	12/30/1899
557	2.2975	3.9286	2788.85		557	12/30/1899
558	2.2975	3.9286	2788.9		558	12/30/1899
559	2.2975	3.9028	2788.95		559	12/30/1899
560	2.2975	3.9286	2789		560	12/30/1899
561	2.291	3.9222	2789.05		561	12/30/1899
562	2.2975	3.9222	2789.1		562	12/30/1899
563	2.291	3.9222	2789.15		563	12/30/1899
564	2.3168	3.9286	2789.2		564	12/30/1899
565	2.2975	3.9222	2789.25		565	12/30/1899
566	2.2975	3.9222	2789.3		566	12/30/1899
567	2.3039	3.9222	2789.35		567	12/30/1899
568	2.291	3.9222	2789.4		568	12/30/1899
569	2.291	3.9222	2789.45		569	12/30/1899
570	2.2975	3.9222	2789.5		570	12/30/1899
571	2.2975	3.9222	2789.55		571	12/30/1899
572	2.2975	3.9222	2789.6		572	12/30/1899
573	2.2975	3.9222	2789.65		573	12/30/1899
574	2.2975	3.9222	2789.7		574	12/30/1899
575	2.2975	3.9222	2789.75		575	12/30/1899
576	2.2975	3.9222	2789.8		576	12/30/1899
577	2.291	3.9222	2789.85		577	12/30/1899
578	2.2975	3.9222	2789.9		578	12/30/1899
579	2.291	3.9222	2789.95		579	12/30/1899
580	2.2975	3.9222	2790		580	12/30/1899
581	2.2975	3.9222	2790.05		581	12/30/1899
582	2.2975	3.9222	2790.1		582	12/30/1899
583	2.2975	3.9222	2790.15		583	12/30/1899
584	2.2975	3.9222	2790.2		584	12/30/1899
585	2.2975	3.9351	2790.25		585	12/30/1899
586	2.2975	3.9222	2790.3		586	12/30/1899
587	2.2975	3.9222	2790.35		587	12/30/1899
588	2.2975	3.9222	2790.4		588	12/30/1899
589	2.2975	3.9222	2790.45		589	12/30/1899
590	2.291	3.9222	2790.5		590	12/30/1899
591	2.2975	3.9286	2790.55		591	12/30/1899
592	2.3104	3.9222	2790.6		592	12/30/1899
593	2.2975	3.9222	2790.65		593	12/30/1899
594	2.2975	3.9222	2790.7		594	12/30/1899
595	2.2975	3.9286	2790.75		595	12/30/1899
596	2.3039	3.9286	2790.8		596	12/30/1899
597	2.2975	3.9222	2790.85		597	12/30/1899
598	2.2975	3.9222	2790.9		598	12/30/1899
599	2.2975	3.9222	2790.95		599	12/30/1899
600	2.291	3.9222	2791		600	12/30/1899
601	2.2975	3.9157	2791.05		601	12/30/1899
602	2.2975	3.9222	2791.1		602	12/30/1899
603	2.2975	3.9286	2791.15		603	12/30/1899
604	2.2975	3.9222	2791.2		604	12/30/1899
605	2.3168	3.9222	2791.25		605	12/30/1899
606	2.3039	3.9222	2791.3		606	12/30/1899
607	2.2975	3.9286	2791.35		607	12/30/1899
608	2.2781	3.9222	2791.4		608	12/30/1899
609	2.2975	3.9222	2791.45		609	12/30/1899
610	2.2975	3.9222	2791.5		610	12/30/1899
611	2.2975	3.9286	2791.55		611	12/30/1899
612	2.2975	3.9222	2791.6		612	12/30/1899
613	2.291	3.9222	2791.65		613	12/30/1899
614	2.291	3.9222	2791.7		614	12/30/1899
615	2.2975	3.9222	2791.75		615	12/30/1899
616	2.2975	3.9286	2791.8		616	12/30/1899
617	2.2975	3.9286	2791.85		617	12/30/1899
618	2.2975	3.9222	2791.9		618	12/30/1899
619	2.2975	3.9222	2791.95		619	12/30/1899
620	2.2975	3.9222	2792		620	12/30/1899
621	2.2975	3.9286	2792.05		621	12/30/1899
622	2.2975	3.9222	2792.1		622	12/30/1899
623	2.2975	3.9222	2792.15		623	12/30/1899
624	2.291	3.9222	2792.2		624	12/30/1899
625	2.2975	3.9222	2792.25		625	12/30/1899
626	2.2975	3.9157	2792.3		626	12/30/1899
627	2.2975	3.9286	2792.35		627	12/30/1899
628	2.2975	3.9222	2792.4		628	12/30/1899
629	2.2975	3.9157	2792.45		629	12/30/1899
630	2.2975	3.9222	2792.5		630	12/30/1899
631	2.2975	3.9286	2792.55		631	12/30/1899
632	2.2975	3.9286	2792.6		632	12/30/1899
633	2.2975	3.9286	2792.65		633	12/30/1899
634	2.2975	3.9286	2792.7		634	12/30/1899
635	2.2975	3.9286	2792.75		635	12/30/1899
636	2.291	3.9222	2792.8		636	12/30/1899
637	2.2975	3.9222	2792.85		637	12/30/1899
638	2.2975	3.9286	2792.9		638	12/30/1899
639	2.3104	3.9222	2792.95		639	12/30/1899
640	2.2975	3.9222	2793		640	12/30/1899
641	2.2975	3.9222	2793.05		641	12/30/1899
642	2.3039	3.9222	2793.1		642	12/30/1899
643	2.291	3.9222	2793.15		643	12/30/1899
644	2.2975	3.9222	2793.2		644	12/30/1899
645	2.291	3.9222	2793.25		645	12/30/1899
646	2.2975	3.9222	2793.3		646	12/30/1899
647	2.2975	3.9222	2793.35		647	12/30/1899
648	2.2975	3.9222	2793.4		648	12/30/1899
649	2.2975	3.9222	2793.45		649	12/30/1899
650	2.2975	3.9286	2793.5		650	12/30/1899
651	2.2975	3.9286	2793.55		651	12/30/1899
652	2.2975	3.9222	2793.6		652	12/30/1899
653	2.2975	3.9222	2793.65		653	12/30/1899
654	2.2975	3.9222	2793.7		654	12/30/1899
655	2.2975	3.9222	2793.75		655	12/30/1899
656	2.2975	3.9222	2793.8		656	12/30/1899
657	2.2975	3.948	2793.85		657	12/30/1899
658	2.2975	3.9222	2793.9		658	12/30/1899
659	2.2975	3.9222	2793.95		659	12/30/1899
660	2.2975	3.9222	2794		660	12/30/1899
661	2.2846	3.9286	2794.05		661	12/30/1899
662	2.2975	3.9222	2794.1		662	12/30/1899
663	2.291	3.9286	2794.15		663	12/30/1899
664	2.2975	3.9286	2794.2		664	12/30/1899
665	2.2975	3.9286	2794.25		665	12/30/1899
666	2.2975	3.9222	2794.3		666	12/30/1899
667	2.2975	3.9286	2794.35		667	12/30/1899
668	2.2975	3.9222	2794.4		668	12/30/1899
669	2.2975	3.9222	2794.45		669	12/30/1899
670	2.2975	3.9222	2794.5		670	12/30/1899
671	2.2975	3.9222	2794.55		671	12/30/1899
672	2.2975	3.9222	2794.6		672	12/30/1899
673	2.2975	3.9222	2794.65		673	12/30/1899
674	2.2975	3.9222	2794.7		674	12/30/1899
675	2.291	3.9286	2794.75		675	12/30/1899
676	2.291	3.9028	2794.8		676	12/30/1899
677	2.2975	3.9222	2794.85		677	12/30/1899
678	2.291	3.9222	2794.9		678	12/30/1899
679	2.291	3.9222	2794.95		679	12/30/1899
680	2.2975	3.9222	2795		680	12/30/1899
681	2.2975	3.9222	2795.05		681	12/30/1899
682	2.2975	3.9222	2795.1		682	12/30/1899
683	2.2975	3.9286	2795.15		683	12/30/1899
684	2.2975	3.9222	2795.2		684	12/30/1899
685	2.2975	3.9222	2795.25		685	12/30/1899
686	2.2975	3.9222	2795.3		686	12/30/1899
687	2.2975	3.9222	2795.35		687	12/30/1899
688	2.2975	3.9286	2795.4		688	12/30/1899
689	2.2975	3.9222	2795.45		689	12/30/1899
690	2.2975	3.9222	2795.5		690	12/30/1899
691	2.2975	3.9222	2795.55		691	12/30/1899
692	2.3233	3.9222	2795.6		692	12/30/1899
693	2.2975	3.9222	2795.65		693	12/30/1899
694	2.2975	3.9222	2795.7		694	12/30/1899
695	2.291	3.9222	2795.75		695	12/30/1899
696	2.2975	3.9286	2795.8		696	12/30/1899
697	2.2975	3.9286	2795.85		697	12/30/1899
698	2.2975	3.9222	2795.9		698	12/30/1899
699	2.2975	3.9286	2795.95		699	12/30/1899
700	2.2975	3.9286	2796		700	12/30/1899
701	2.2975	3.9222	2796.05		701	12/30/1899
702	2.2975	3.9222	2796.1		702	12/30/1899
703	2.2975	3.9222	2796.15		703	12/30/1899
704	2.291	3.9222	2796.2		704	12/30/1899
705	2.2975	3.9222	2796.25		705	12/30/1899
706	2.2975	3.9157	2796.3		706	12/30/1899
707	2.2975	3.9286	2796.35		707	12/30/1899
708	2.2975	3.9222	2796.4		708	12/30/1899
709	2.2975	3.9222	2796.45		709	12/30/1899
710	2.2975	3.9222	2796.5		710	12/30/1899
711	2.2975	3.9286	2796.55		711	12/30/1899
712	2.2781	3.9222	2796.6		712	12/30/1899
713	2.2975	3.9222	2796.65		713	12/30/1899
714	2.2975	3.9222	2796.7		714	12/30/1899
715	2.291	3.9222	2796.75		715	12/30/1899
716	2.2975	3.9286	2796.8		716	12/30/1899
717	2.2975	3.9222	2796.85		717	12/30/1899
718	2.291	3.9222	2796.9		718	12/30/1899
719	2.2975	3.9286	2796.95		719	12/30/1899
720	2.2975	3.9286	2797		720	12/30/1899
721	2.291	3.9222	2797.05		721	12/30/1899
722	2.2975	3.9286	2797.1		722	12/30/1899
723	2.2975	3.9222	2797.15		723	12/30/1899
724	2.2975	3.9222	2797.2		724	12/30/1899
725	2.2975	3.9286	2797.25		725	12/30/1899
726	2.2975	3.9222	2797.3		726	12/30/1899
727	2.2975	3.9286	2797.35		727	12/30/1899
728	2.2975	3.9222	2797.4		728	12/30/1899
729	2.2975	3.9222	2797.45		729	12/30/1899
730	2.2975	3.9286	2797.5		730	12/30/1899
731	2.2975	3.9222	2797.55		731	12/30/1899
732	2.2975	3.9222	2797.6		732	12/30/1899
733	2.2975	3.9222	2797.65		733	12/30/1899
734	2.2975	3.9222	2797.7		734	12/30/1899
735	2.2975	3.9222	2797.75		735	12/30/1899
736	2.291	3.9286	2797.8		736	12/30/1899
737	2.2781	3.9222	2797.85		737	12/30/1899
738	2.2975	3.9222	2797.9		738	12/30/1899
739	2.2975	3.9222	2797.95		739	12/30/1899
740	2.2975	3.9286	2798		740	12/30/1899
741	2.291	3.9286	2798.05		741	12/30/1899
742	2.2975	3.9222	2798.1		742	12/30/1899
743	2.291	3.9222	2798.15		743	12/30/1899
744	2.291	3.9286	2798.2		744	12/30/1899
745	2.2975	3.9286	2798.25		745	12/30/1899
746	2.291	3.9222	2798.3		746	12/30/1899
747	2.3039	3.9222	2798.35		747	12/30/1899
748	2.2975	3.9222	2798.4		748	12/30/1899
749	2.291	3.9222	2798.45		749	12/30/1899
750	2.291	3.9222	2798.5		750	12/30/1899
751	2.2975	3.9286	2798.55		751	12/30/1899
752	2.2975	3.9222	2798.6		752	12/30/1899
753	2.3039	3.9286	2798.65		753	12/30/1899
754	2.2975	3.9222	2798.7		754	12/30/1899
755	2.291	3.9222	2798.75		755	12/30/1899
756	2.2975	3.9222	2798.8		756	12/30/1899
757	2.2975	3.9222	2798.85		757	12/30/1899
758	2.2975	3.9222	2798.9		758	12/30/1899
759	2.2975	3.9222	2798.95		759	12/30/1899
760	2.2975	3.9222	2799		760	12/30/1899
761	2.2975	3.9222	2799.05		761	12/30/1899
762	2.2975	3.9222	2799.1		762	12/30/1899
763	2.2975	3.9222	2799.15		763	12/30/1899
764	2.2975	3.9222	2799.2		764	12/30/1899
765	2.2975	3.9222	2799.25		765	12/30/1899
766	2.291	3.9222	2799.3		766	12/30/1899
767	2.291	3.9222	2799.35		767	12/30/1899
768	2.2975	3.9286	2799.4		768	12/30/1899
769	2.2975	3.9286	2799.45		769	12/30/1899
770	2.2975	3.9222	2799.5		770	12/30/1899
771	2.2975	3.9222	2799.55		771	12/30/1899
772	2.2975	3.9222	2799.6		772	12/30/1899
773	2.291	3.9286	2799.65		773	12/30/1899
774	2.2975	3.9222	2799.7		774	12/30/1899
775	2.2975	3.9222	2799.75		775	12/30/1899
776	2.2975	3.9222	2799.8		776	12/30/1899
777	2.2975	3.9286	2799.85		777	12/30/1899
778	2.2975	3.9222	2799.9		778	12/30/1899
779	2.2975	3.9222	2799.95		779	12/30/1899
780	2.2975	3.9222	2800		780	12/30/1899
781	2.2975	3.9222	2800.05		781	12/30/1899
782	2.2975	3.9286	2800.1		782	12/30/1899
783	2.2975	3.9222	2800.15		783	12/30/1899
784	2.291	3.9222	2800.2		784	12/30/1899
785	2.2975	3.9157	2800.25		785	12/30/1899
786	2.2975	3.9286	2800.3		786	12/30/1899
787	2.2975	3.9351	2800.35		787	12/30/1899
788	2.2975	3.9222	2800.4		788	12/30/1899
789	2.2975	3.8964	2800.45		789	12/30/1899
790	2.2975	3.9222	2800.5		790	12/30/1899
791	2.2975	3.9286	2800.55		791	12/30/1899
792	2.2975	3.9222	2800.6		792	12/30/1899
793	2.2975	3.9415	2800.65		793	12/30/1899
794	2.2975	3.9351	2800.7		794	12/30/1899
795	2.2975	3.9222	2800.75		795	12/30/1899
796	2.2975	3.9286	2800.8		796	12/30/1899
797	2.2975	3.9222	2800.85		797	12/30/1899
798	2.291	3.9286	2800.9		798	12/30/1899
799	2.291	3.9222	2800.95		799	12/30/1899
800	2.291	3.9286	2801		800	12/30/1899
801	2.2975	3.9157	2801.05		801	12/30/1899
802	2.2975	3.9286	2801.1		802	12/30/1899
803	2.2975	3.9222	2801.15		803	12/30/1899
804	2.2975	3.9286	2801.2		804	12/30/1899
805	2.2975	3.9222	2801.25		805	12/30/1899
806	2.2975	3.9222	2801.3		806	12/30/1899
807	2.2975	3.9415	2801.35		807	12/30/1899
808	2.2975	3.9222	2801.4		808	12/30/1899
809	2.2975	3.9222	2801.45		809	12/30/1899
810	2.291	3.9157	2801.5		810	12/30/1899
811	2.2975	3.9222	2801.55		811	12/30/1899
812	2.291	3.9222	2801.6		812	12/30/1899
813	2.2975	3.9415	2801.65		813	12/30/1899
814	2.2975	3.9222	2801.7		814	12/30/1899
815	2.2975	3.9222	2801.75		815	12/30/1899
816	2.2975	3.9093	2801.8		816	12/30/1899
817	2.2975	3.9222	2801.85		817	12/30/1899
818	2.2975	3.9286	2801.9		818	12/30/1899
819	2.2975	3.9286	2801.95		819	12/30/1899
820	2.2975	3.9222	2802		820	12/30/1899
821	2.291	3.9222	2802.05		821	12/30/1899
822	2.2975	3.9222	2802.1		822	12/30/1899
823	2.2975	3.9222	2802.15		823	12/30/1899
824	2.2975	3.9222	2802.2		824	12/30/1899
825	2.291	3.9286	2802.25		825	12/30/1899
826	2.2975	3.9222	2802.3		826	12/30/1899
827	2.291	3.9222	2802.35		827	12/30/1899
828	2.2975	3.9222	2802.4		828	12/30/1899
829	2.2975	3.9286	2802.45		829	12/30/1899
830	2.2975	3.9286	2802.5		830	12/30/1899
831	2.2975	3.9286	2802.55		831	12/30/1899
832	2.291	3.9286	2802.6		832	12/30/1899
833	2.2975	3.9286	2802.65		833	12/30/1899
834	2.2975	3.9222	2802.7		834	12/30/1899
835	2.291	3.9222	2802.75		835	12/30/1899
836	2.2975	3.9286	2802.8		836	12/30/1899
837	2.2975	3.9222	2802.85		837	12/30/1899
838	2.291	3.9222	2802.9		838	12/30/1899
839	2.2975	3.9222	2802.95		839	12/30/1899
840	2.2975	3.9286	2803		840	12/30/1899
841	2.2975	3.9286	2803.05		841	12/30/1899
842	2.2975	3.9222	2803.1		842	12/30/1899
843	2.2975	3.9286	2803.15		843	12/30/1899
844	2.2975	3.9222	2803.2		844	12/30/1899
845	2.291	3.9222	2803.25		845	12/30/1899
846	2.291	3.9222	2803.3		846	12/30/1899
847	2.2975	3.9222	2803.35		847	12/30/1899
848	2.2975	3.9222	2803.4		848	12/30/1899
849	2.2975	3.9222	2803.45		849	12/30/1899
850	2.2975	3.9222	2803.5		850	12/30/1899
851	2.291	3.9222	2803.55		851	12/30/1899
852	2.2975	3.9286	2803.6		852	12/30/1899
853	2.2975	3.9222	2803.65		853	12/30/1899
854	2.2975	3.9286	2803.7		854	12/30/1899
855	2.2975	3.9222	2803.75		855	12/30/1899
856	2.2975	3.9222	2803.8		856	12/30/1899
857	2.2975	3.9222	2803.85		857	12/30/1899
858	2.2975	3.9222	2803.9		858	12/30/1899
859	2.2975	3.9222	2803.95		859	12/30/1899
860	2.2975	3.9286	2804		860	12/30/1899
861	2.2975	3.9222	2804.05		861	12/30/1899
862	2.291	3.9286	2804.1		862	12/30/1899
863	2.2975	3.9286	2804.15		863	12/30/1899
864	2.2975	3.9222	2804.2		864	12/30/1899
865	2.2975	3.9222	2804.25		865	12/30/1899
866	2.2975	3.9351	2804.3		866	12/30/1899
867	2.2975	3.9222	2804.35		867	12/30/1899
868	2.2975	3.9222	2804.4		868	12/30/1899
869	2.291	3.9351	2804.45		869	12/30/1899
870	2.2975	3.9286	2804.5		870	12/30/1899
871	2.291	3.9286	2804.55		871	12/30/1899
872	2.2975	3.9351	2804.6		872	12/30/1899
873	2.291	3.9222	2804.65		873	12/30/1899
874	2.2975	3.9222	2804.7		874	12/30/1899
875	2.2975	3.9222	2804.75		875	12/30/1899
876	2.2975	3.9222	2804.8		876	12/30/1899
877	2.2975	3.9222	2804.85		877	12/30/1899
878	2.2975	3.9351	2804.9		878	12/30/1899
879	2.2975	3.9286	2804.95		879	12/30/1899
880	2.2975	3.9286	2805		880	12/30/1899
881	2.291	3.9222	2805.05		881	12/30/1899
882	2.2975	3.9222	2805.1		882	12/30/1899
883	2.2975	3.9286	2805.15		883	12/30/1899
884	2.2975	3.9222	2805.2		884	12/30/1899
885	2.2975	3.9222	2805.25		885	12/30/1899
886	2.2975	3.9222	2805.3		886	12/30/1899
887	2.291	3.9222	2805.35		887	12/30/1899
888	2.2975	3.9222	2805.4		888	12/30/1899
889	2.2975	3.9222	2805.45		889	12/30/1899
890	2.2975	3.9222	2805.5		890	12/30/1899
891	2.2975	3.9286	2805.55		891	12/30/1899
892	2.2975	3.9222	2805.6		892	12/30/1899
893	2.291	3.9286	2805.65		893	12/30/1899
894	2.2975	3.9157	2805.7		894	12/30/1899
895	2.2975	3.9222	2805.75		895	12/30/1899
896	2.3039	3.9222	2805.8		896	12/30/1899
897	2.2975	3.9157	2805.85		897	12/30/1899
898	2.2975	3.9222	2805.9		898	12/30/1899
899	2.2975	3.9222	2805.95		899	12/30/1899
900	2.2975	3.9286	2806		900	12/30/1899
901	2.2975	3.9286	2806.05		901	12/30/1899
902	2.2975	3.9286	2806.1		902	12/30/1899
903	2.3168	3.9222	2806.15		903	12/30/1899
904	2.2975	3.9286	2806.2		904	12/30/1899
905	2.2975	3.9222	2806.25		905	12/30/1899
906	2.2846	3.9222	2806.3		906	12/30/1899
907	2.2975	3.9222	2806.35		907	12/30/1899
908	2.2975	3.9222	2806.4		908	12/30/1899
909	2.2975	3.9222	2806.45		909	12/30/1899
910	2.2975	3.9222	2806.5		910	12/30/1899
911	2.2975	3.9222	2806.55		911	12/30/1899
912	2.291	3.9222	2806.6		912	12/30/1899
913	2.2975	3.9286	2806.65		913	12/30/1899
914	2.2975	3.9286	2806.7		914	12/30/1899
915	2.2975	3.9222	2806.75		915	12/30/1899
916	2.2975	3.9286	2806.8		916	12/30/1899
917	2.291	3.9286	2806.85		917	12/30/1899
918	2.2975	3.9222	2806.9		918	12/30/1899
919	2.291	3.9222	2806.95		919	12/30/1899
920	2.2975	3.9286	2807		920	12/30/1899
921	2.3039	3.9222	2807.05		921	12/30/1899
922	2.2975	3.9286	2807.1		922	12/30/1899
923	2.2975	3.9222	2807.15		923	12/30/1899
924	2.3039	3.9222	2807.2		924	12/30/1899
925	2.2975	3.9222	2807.25		925	12/30/1899
926	2.2975	3.9222	2807.3		926	12/30/1899
927	2.291	3.9222	2807.35		927	12/30/1899
928	2.2975	3.9222	2807.4		928	12/30/1899
929	2.2975	3.9286	2807.45		929	12/30/1899
930	2.2975	3.9222	2807.5		930	12/30/1899
931	2.2975	3.9286	2807.55		931	12/30/1899
932	2.2975	3.9222	2807.6		932	12/30/1899
933	2.2975	3.9222	2807.65		933	12/30/1899
934	2.2975	3.9222	2807.7		934	12/30/1899
935	2.2975	3.9222	2807.75		935	12/30/1899
936	2.2975	3.9286	2807.8		936	12/30/1899
937	2.2975	3.9222	2807.85		937	12/30/1899
938	2.291	3.9222	2807.9		938	12/30/1899
939	2.291	3.9286	2807.95		939	12/30/1899
940	2.291	3.9222	2808		940	12/30/1899
941	2.2975	3.9222	2808.05		941	12/30/1899
942	2.2975	3.9222	2808.1		942	12/30/1899
943	2.2975	3.9222	2808.15		943	12/30/1899
944	2.2717	3.9286	2808.2		944	12/30/1899
945	2.2975	3.9286	2808.25		945	12/30/1899
946	2.291	3.9222	2808.3		946	12/30/1899
947	2.291	3.9222	2808.35		947	12/30/1899
948	2.2975	3.9222	2808.4		948	12/30/1899
949	2.2975	3.9222	2808.45		949	12/30/1899
950	2.2975	3.9222	2808.5		950	12/30/1899
951	2.2975	3.9286	2808.55		951	12/30/1899
952	2.291	3.9222	2808.6		952	12/30/1899
953	2.2975	3.9286	2808.65		953	12/30/1899
954	2.2781	3.9222	2808.7		954	12/30/1899
955	2.2975	3.9222	2808.75		955	12/30/1899
956	2.2975	3.9286	2808.8		956	12/30/1899
957	2.2975	3.9222	2808.85		957	12/30/1899
958	2.2975	3.9222	2808.9		958	12/30/1899
959	2.2975	3.9222	2808.95		959	12/30/1899
960	2.291	3.9222	2809		960	12/30/1899
961	2.2975	3.9286	2809.05		961	12/30/1899
962	2.2975	3.9222	2809.1		962	12/30/1899
963	2.291	3.9222	2809.15		963	12/30/1899
964	2.2975	3.9286	2809.2		964	12/30/1899
965	2.2975	3.9222	2809.25		965	12/30/1899
966	2.2975	3.9222	2809.3		966	12/30/1899
967	2.2975	3.9222	2809.35		967	12/30/1899
968	2.2975	3.9286	2809.4		968	12/30/1899
969	2.3039	3.9222	2809.45		969	12/30/1899
970	2.2975	3.9222	2809.5		970	12/30/1899
971	2.2975	3.9222	2809.55		971	12/30/1899
972	2.3104	3.9222	2809.6		972	12/30/1899
973	2.2975	3.9286	2809.65		973	12/30/1899
974	2.2975	3.9222	2809.7		974	12/30/1899
975	2.2975	3.9222	2809.75		975	12/30/1899
976	2.2975	3.9286	2809.8		976	12/30/1899
977	2.2975	3.9222	2809.85		977	12/30/1899
978	2.291	3.9222	2809.9		978	12/30/1899
979	2.2975	3.9286	2809.95		979	12/30/1899
980	2.2975	3.9286	2810		980	12/30/1899
981	2.2975	3.9286	2810.05		981	12/30/1899
982	2.2975	3.9222	2810.1		982	12/30/1899
983	2.2975	3.9222	2810.15		983	12/30/1899
984	2.2975	3.9286	2810.2		984	12/30/1899
985	2.291	3.9222	2810.25		985	12/30/1899
986	2.2975	3.9222	2810.3		986	12/30/1899
987	2.291	3.9286	2810.35		987	12/30/1899
988	2.2975	3.9222	2810.4		988	12/30/1899
989	2.2975	3.9286	2810.45		989	12/30/1899
990	2.291	3.9222	2810.5		990	12/30/1899
991	2.2975	3.9222	2810.55		991	12/30/1899
992	2.2975	3.9286	2810.6		992	12/30/1899
993	2.2975	3.9222	2810.65		993	12/30/1899
994	2.3104	3.9222	2810.7		994	12/30/1899
995	2.291	3.9286	2810.75		995	12/30/1899
996	2.2975	3.9222	2810.8		996	12/30/1899
997	2.2846	3.9222	2810.85		997	12/30/1899
998	2.2975	3.9286	2810.9		998	12/30/1899
999	2.2975	3.9222	2810.95		999	12/30/1899
1000	2.2975	3.9286	2811		1000	12/30/1899
1001	2.2975	3.9222	2811.05		1001	12/30/1899
1002	2.2975	3.9222	2811.1		1002	12/30/1899
1003	2.2975	3.9286	2811.15		1003	12/30/1899
1004	2.2975	3.9222	2811.2		1004	12/30/1899
1005	2.2975	3.9222	2811.25		1005	12/30/1899
1006	2.2975	3.9222	2811.3		1006	12/30/1899
1007	2.2975	3.9286	2811.35		1007	12/30/1899
1008	2.2975	3.9286	2811.4		1008	12/30/1899
1009	2.291	3.9222	2811.45		1009	12/30/1899
1010	2.2781	3.9222	2811.5		1010	12/30/1899
1011	2.291	3.9286	2811.55		1011	12/30/1899
1012	2.2975	3.9286	2811.6		1012	12/30/1899
1013	2.2975	3.9222	2811.65		1013	12/30/1899
1014	2.2975	3.9286	2811.7		1014	12/30/1899
1015	2.2975	3.9286	2811.75		1015	12/30/1899
1016	2.291	3.9222	2811.8		1016	12/30/1899
1017	2.291	3.9222	2811.85		1017	12/30/1899
1018	2.291	3.9222	2811.9		1018	12/30/1899
1019	2.2975	3.9286	2811.95		1019	12/30/1899
1020	2.291	3.9222	2812		1020	12/30/1899
1021	2.2975	3.9222	2812.05		1021	12/30/1899
1022	2.2975	3.9222	2812.1		1022	12/30/1899
1023	2.2975	3.9222	2812.15		1023	12/30/1899
1024	2.291	3.9222	2812.2		1024	12/30/1899
1025	2.2975	3.9286	2812.25		1025	12/30/1899
1026	2.291	3.9222	2812.3		1026	12/30/1899
1027	2.2975	3.9222	2812.35		1027	12/30/1899
1028	2.2975	3.9222	2812.4		1028	12/30/1899
1029	2.2975	3.9222	2812.45		1029	12/30/1899
1030	2.2975	3.9222	2812.5		1030	12/30/1899
1031	2.2975	3.9222	2812.55		1031	12/30/1899
1032	2.291	3.9157	2812.6		1032	12/30/1899
1033	2.2975	3.9222	2812.65		1033	12/30/1899
1034	2.2975	3.9222	2812.7		1034	12/30/1899
1035	2.2975	3.9222	2812.75		1035	12/30/1899
1036	2.291	3.9222	2812.8		1036	12/30/1899
1037	2.2975	3.9222	2812.85		1037	12/30/1899
1038	2.291	3.9222	2812.9		1038	12/30/1899
1039	2.2975	3.9286	2812.95		1039	12/30/1899
1040	2.2975	3.9222	2813		1040	12/30/1899
1041	2.291	3.9222	2813.05		1041	12/30/1899
1042	2.291	3.9286	2813.1		1042	12/30/1899
1043	2.2781	3.9222	2813.15		1043	12/30/1899
1044	2.2975	3.9286	2813.2		1044	12/30/1899
1045	2.291	3.9222	2813.25		1045	12/30/1899
1046	2.291	3.9222	2813.3		1046	12/30/1899
1047	2.2975	3.9222	2813.35		1047	12/30/1899
1048	2.2975	3.9286	2813.4		1048	12/30/1899
1049	2.2975	3.9222	2813.45		1049	12/30/1899
1050	2.2975	3.9222	2813.5		1050	12/30/1899
1051	2.2975	3.9286	2813.55		1051	12/30/1899
1052	2.2975	3.9286	2813.6		1052	12/30/1899
1053	2.2975	3.9222	2813.65		1053	12/30/1899
1054	2.291	3.9222	2813.7		1054	12/30/1899
1055	2.2975	3.9286	2813.75		1055	12/30/1899
1056	2.2975	3.9286	2813.8		1056	12/30/1899
1057	2.2975	3.9222	2813.85		1057	12/30/1899
1058	2.291	3.9222	2813.9		1058	12/30/1899
1059	2.2975	3.9415	2813.95		1059	12/30/1899
1060	2.2975	3.9222	2814		1060	12/30/1899
1061	2.2975	3.9222	2814.05		1061	12/30/1899
1062	2.291	3.9286	2814.1		1062	12/30/1899
1063	2.291	3.9222	2814.15		1063	12/30/1899
1064	2.2975	3.9222	2814.2		1064	12/30/1899
1065	2.291	3.9222	2814.25		1065	12/30/1899
1066	2.2975	3.9222	2814.3		1066	12/30/1899
1067	2.2975	3.9222	2814.35		1067	12/30/1899
1068	2.2975	3.9222	2814.4		1068	12/30/1899
1069	2.2975	3.9222	2814.45		1069	12/30/1899
1070	2.2975	3.9286	2814.5		1070	12/30/1899
1071	2.2975	3.9222	2814.55		1071	12/30/1899
1072	2.2975	3.9286	2814.6		1072	12/30/1899
1073	2.2781	3.9286	2814.65		1073	12/30/1899
1074	2.2975	3.9286	2814.7		1074	12/30/1899
1075	2.2975	3.9157	2814.75		1075	12/30/1899
1076	2.2975	3.9222	2814.8		1076	12/30/1899
1077	2.2975	3.9222	2814.85		1077	12/30/1899
1078	2.2975	3.9222	2814.9		1078	12/30/1899
1079	2.2975	3.9222	2814.95		1079	12/30/1899
1080	2.2975	3.9286	2815		1080	12/30/1899
1081	2.291	3.9222	2815.05		1081	12/30/1899
1082	2.2975	3.9222	2815.1		1082	12/30/1899
1083	2.2975	3.9093	2815.15		1083	12/30/1899
1084	2.2975	3.9222	2815.2		1084	12/30/1899
1085	2.2975	3.9222	2815.25		1085	12/30/1899
1086	2.2975	3.9286	2815.3		1086	12/30/1899
1087	2.2975	3.9286	2815.35		1087	12/30/1899
1088	2.2975	3.9222	2815.4		1088	12/30/1899
1089	2.2846	3.9222	2815.45		1089	12/30/1899
1090	2.2975	3.9286	2815.5		1090	12/30/1899
1091	2.2975	3.9222	2815.55		1091	12/30/1899
1092	2.2975	3.9222	2815.6		1092	12/30/1899
1093	2.2975	3.9286	2815.65		1093	12/30/1899
1094	2.2975	3.9093	2815.7		1094	12/30/1899
1095	2.291	3.9222	2815.75		1095	12/30/1899
1096	2.291	3.9286	2815.8		1096	12/30/1899
1097	2.2975	3.9222	2815.85		1097	12/30/1899
1098	2.291	3.9286	2815.9		1098	12/30/1899
1099	2.2975	3.9222	2815.95		1099	12/30/1899
1100	2.2975	3.9286	2816		1100	12/30/1899
1101	2.291	3.9222	2816.05		1101	12/30/1899
1102	2.291	3.9222	2816.1		1102	12/30/1899
1103	2.2975	3.9286	2816.15		1103	12/30/1899
1104	2.2975	3.9415	2816.2		1104	12/30/1899
1105	2.2975	3.9222	2816.25		1105	12/30/1899
1106	2.2975	3.9222	2816.3		1106	12/30/1899
1107	2.2975	3.9222	2816.35		1107	12/30/1899
1108	2.2975	3.9222	2816.4		1108	12/30/1899
1109	2.3039	3.9222	2816.45		1109	12/30/1899
1110	2.2717	3.9222	2816.5		1110	12/30/1899
1111	2.2975	3.9222	2816.55		1111	12/30/1899
1112	2.2975	3.9093	2816.6		1112	12/30/1899
1113	2.2975	3.9286	2816.65		1113	12/30/1899
1114	2.291	3.9222	2816.7		1114	12/30/1899
1115	2.2975	3.9222	2816.75		1115	12/30/1899
1116	2.2975	3.9222	2816.8		1116	12/30/1899
1117	2.2975	3.9222	2816.85		1117	12/30/1899
1118	2.291	3.9222	2816.9		1118	12/30/1899
1119	2.2975	3.9286	2816.95		1119	12/30/1899
1120	2.2975	3.9222	2817		1120	12/30/1899
1121	2.2975	3.9286	2817.05		1121	12/30/1899
1122	2.2975	3.9222	2817.1		1122	12/30/1899
1123	2.2975	3.9222	2817.15		1123	12/30/1899
1124	2.2975	3.9286	2817.2		1124	12/30/1899
1125	2.2975	3.9222	2817.25		1125	12/30/1899
1126	2.3168	3.9222	2817.3		1126	12/30/1899
1127	2.2975	3.9222	2817.35		1127	12/30/1899
1128	2.2975	3.9286	2817.4		1128	12/30/1899
1129	2.2975	3.9222	2817.45		1129	12/30/1899
1130	2.2975	3.9222	2817.5		1130	12/30/1899
1131	2.291	3.9286	2817.55		1131	12/30/1899
1132	2.2975	3.9222	2817.6		1132	12/30/1899
1133	2.3039	3.9286	2817.65		1133	12/30/1899
1134	2.291	3.9222	2817.7		1134	12/30/1899
1135	2.2975	3.9286	2817.75		1135	12/30/1899
1136	2.2975	3.9286	2817.8		1136	12/30/1899
1137	2.2975	3.9286	2817.85		1137	12/30/1899
1138	2.291	3.9222	2817.9		1138	12/30/1899
1139	2.2975	3.9222	2817.95		1139	12/30/1899
1140	2.2975	3.9222	2818		1140	12/30/1899
1141	2.2975	3.9286	2818.05		1141	12/30/1899
1142	2.2975	3.9222	2818.1		1142	12/30/1899
1143	2.3039	3.9222	2818.15		1143	12/30/1899
1144	2.291	3.9222	2818.2		1144	12/30/1899
1145	2.2975	3.9222	2818.25		1145	12/30/1899
1146	2.291	3.9286	2818.3		1146	12/30/1899
1147	2.2975	3.9222	2818.35		1147	12/30/1899
1148	2.2975	3.9222	2818.4		1148	12/30/1899
1149	2.2975	3.9286	2818.45		1149	12/30/1899
1150	2.2975	3.9157	2818.5		1150	12/30/1899
1151	2.2975	3.9222	2818.55		1151	12/30/1899
1152	2.2975	3.9286	2818.6		1152	12/30/1899
1153	2.291	3.9286	2818.65		1153	12/30/1899
1154	2.2975	3.9286	2818.7		1154	12/30/1899
1155	2.2975	3.9222	2818.75		1155	12/30/1899
1156	2.2975	3.9222	2818.8		1156	12/30/1899
1157	2.291	3.9222	2818.85		1157	12/30/1899
1158	2.2975	3.9351	2818.9		1158	12/30/1899
1159	2.2975	3.9222	2818.95		1159	12/30/1899
1160	2.291	3.9222	2819		1160	12/30/1899
1161	2.291	3.9222	2819.05		1161	12/30/1899
1162	2.2975	3.9286	2819.1		1162	12/30/1899
1163	2.2975	3.9286	2819.15		1163	12/30/1899
1164	2.2975	3.9222	2819.2		1164	12/30/1899
1165	2.2975	3.9286	2819.25		1165	12/30/1899
1166	2.2975	3.9286	2819.3		1166	12/30/1899
1167	2.2975	3.9222	2819.35		1167	12/30/1899
1168	2.291	3.9222	2819.4		1168	12/30/1899
1169	2.291	3.9222	2819.45		1169	12/30/1899
1170	2.2975	3.9286	2819.5		1170	12/30/1899
1171	2.2975	3.9415	2819.55		1171	12/30/1899
1172	2.2975	3.9222	2819.6		1172	12/30/1899
1173	2.2975	3.9286	2819.65		1173	12/30/1899
1174	2.291	3.9222	2819.7		1174	12/30/1899
1175	2.2975	3.9222	2819.75		1175	12/30/1899
1176	2.2975	3.9093	2819.8		1176	12/30/1899
1177	2.2975	3.9222	2819.85		1177	12/30/1899
1178	2.291	3.9222	2819.9		1178	12/30/1899
1179	2.2975	3.9286	2819.95		1179	12/30/1899
1180	2.291	3.9222	2820		1180	12/30/1899
1181	2.2975	3.9222	2820.05		1181	12/30/1899
1182	2.2975	3.9222	2820.1		1182	12/30/1899
1183	2.2975	3.9286	2820.15		1183	12/30/1899
1184	2.291	3.9222	2820.2		1184	12/30/1899
1185	2.2975	3.9286	2820.25		1185	12/30/1899
1186	2.291	3.9222	2820.3		1186	12/30/1899
1187	2.2975	3.9286	2820.35		1187	12/30/1899
1188	2.2975	3.9157	2820.4		1188	12/30/1899
1189	2.3039	3.9222	2820.45		1189	12/30/1899
1190	2.2975	3.9222	2820.5		1190	12/30/1899
1191	2.2975	3.9286	2820.55		1191	12/30/1899
1192	2.2975	3.9286	2820.6		1192	12/30/1899
1193	2.2975	3.9222	2820.65		1193	12/30/1899
1194	2.291	3.9222	2820.7		1194	12/30/1899
1195	2.291	3.9286	2820.75		1195	12/30/1899
1196	2.2975	3.9157	2820.8		1196	12/30/1899
1197	2.2975	3.9286	2820.85		1197	12/30/1899
1198	2.291	3.9286	2820.9		1198	12/30/1899
1199	2.3039	3.9222	2820.95		1199	12/30/1899
1200	2.291	3.9286	2821		1200	12/30/1899